      m/M        (delta m)/M
 7.22095948D-06 1.44419190D-05
 2.83276892D-05 2.77715405D-05
 6.11691936D-05 3.79114682D-05
 1.03753430D-04 4.72570039D-05
 1.55556202D-04 5.63485405D-05
 2.16443439D-04 6.54259333D-05
 2.86469410D-04 7.46260101D-05
 3.65802401D-04 8.40399714D-05
 4.54690253D-04 9.37357316D-05
 5.53442237D-04 1.03768237D-04
 6.62418768D-04 1.14184825D-04
 7.82025308D-04 1.25028255D-04
 9.12708714D-04 1.36338558D-04
 1.05495510D-03 1.48154219D-04
 1.20928870D-03 1.60512983D-04
 1.37627141D-03 1.73452420D-04
 1.55650279D-03 1.87010349D-04
 1.75062054D-03 2.01225153D-04
 1.95930114D-03 2.16136040D-04
 2.18326078D-03 2.31783251D-04
 2.42325653D-03 2.48208239D-04
 2.68008756D-03 2.65453824D-04
 2.95459664D-03 2.83564333D-04
 3.24767167D-03 3.02585728D-04
 3.56024740D-03 3.22565726D-04
 3.89330721D-03 3.43553910D-04
 4.24788509D-03 3.65601837D-04
 4.62506758D-03 3.88763147D-04
 5.02599598D-03 4.13093662D-04
 5.45186856D-03 4.38651484D-04
 5.90394284D-03 4.65497091D-04
 6.38353810D-03 4.93693432D-04
 6.89203784D-03 5.23306038D-04
 7.43089242D-03 5.54403118D-04
 8.00162180D-03 5.87055651D-04
 8.60581836D-03 6.21337476D-04
 9.24514980D-03 6.57325387D-04
 9.92136210D-03 6.95099222D-04
 1.06362827D-02 7.34741952D-04
 1.13918235D-02 7.76339768D-04
 1.21899845D-02 8.19982164D-04
 1.30328566D-02 8.65762015D-04
 1.39226254D-02 9.13775656D-04
 1.48615747D-02 9.64122945D-04
 1.58520899D-02 1.01690733D-03
 1.68966615D-02 1.07223592D-03
 1.79978892D-02 1.13021950D-03
 1.91584853D-02 1.19097260D-03
 2.03812783D-02 1.25461351D-03
 2.16692172D-02 1.32126431D-03
 2.30253748D-02 1.39105086D-03
 2.44529516D-02 1.46410277D-03
 2.59552797D-02 1.54055342D-03
 2.75358264D-02 1.62053986D-03
 2.91981977D-02 1.70420277D-03
 3.09461422D-02 1.79168634D-03
 3.27835545D-02 1.88313816D-03
 3.47144781D-02 1.97870910D-03
 3.67431092D-02 2.07855304D-03
 3.88737991D-02 2.18282675D-03
 4.11110572D-02 2.29168955D-03
 4.34595535D-02 2.40530308D-03
 4.59241205D-02 2.52383087D-03
 4.85097550D-02 2.64743803D-03
 5.12216193D-02 2.77629070D-03
 5.40650425D-02 2.91055562D-03
 5.70455200D-02 3.05039949D-03
 6.01687139D-02 3.19598834D-03
 6.34404515D-02 3.34748684D-03
 6.68667236D-02 3.50505740D-03
 7.04536820D-02 3.66885937D-03
 7.42076357D-02 3.83904800D-03
 7.81350464D-02 4.01577340D-03
 8.22425228D-02 4.19917930D-03
 8.65368133D-02 4.38940180D-03
 9.10247982D-02 4.58656792D-03
 9.57134792D-02 4.79079409D-03
 0.100609968    5.00218448D-03
 0.105721475    5.22082919D-03
 0.111055291    5.44680234D-03
 0.116618772    5.68015998D-03
 0.122419321    5.92093790D-03
 0.128464365    6.16914929D-03
 0.134761330    6.42478219D-03
 0.141317620    6.68779691D-03
 0.148140580    6.95812321D-03
 0.155237470    7.23565736D-03
 0.162615429    7.52025917D-03
 0.170281433    7.81174882D-03
 0.178242259    8.10990357D-03
 0.186504438    8.41445451D-03
 0.195074207    8.72508308D-03
 0.203957457    9.04141778D-03
 0.213159681    9.36303079D-03
 0.222685914    9.68943467D-03
 0.232540671    1.00200792D-02
 0.242727885    1.03543483D-02
 0.253250837    1.06915572D-02
 0.264112091    1.10309502D-02
 0.275313415    1.13716983D-02
 0.286855713    1.17128974D-02
 0.298738946    1.20535678D-02
 0.310962056    1.23926530D-02
 0.323522893    1.27290210D-02
 0.336418136    1.30614647D-02
 0.349643221    1.33887043D-02
 0.363192268    1.37093906D-02
 0.377058018    1.40221088D-02
 0.391231764    1.43253842D-02
 0.405703301    1.46176894D-02
 0.420460872    1.48974524D-02
 0.435491132    1.51630672D-02
 0.450779119    1.54129065D-02
 0.466308240    1.56453366D-02
 0.482060276    1.58587341D-02
 0.498015395    1.60515040D-02
 0.514152196    1.62220988D-02
 0.530447764    1.63690382D-02
 0.546877748    1.64909298D-02
 0.563416458    1.65864893D-02
 0.580036984    1.66545633D-02
 0.596711342    1.66941520D-02
 0.613410635    1.67044347D-02
 0.630105249    1.66847936D-02
 0.646765065    1.66348382D-02
 0.663359697    1.65544257D-02
 0.679858749    1.64436774D-02
 0.696232082    1.63029894D-02
 0.712450096    1.61330386D-02
 0.728484007    1.59347836D-02
 0.744306130    1.57094615D-02
 0.759890150    1.54585796D-02
 0.775211390    1.51838994D-02
 0.790247044    1.48874091D-02
 0.804976392    1.45712864D-02
 0.819380953    1.42378351D-02
 0.833444563    1.38893855D-02
 0.847153329    1.35281476D-02
 0.860495422    1.31560376D-02
 0.873460672    1.27744616D-02
 0.886039890    1.23839755D-02
 0.898223741    1.19837273D-02
 0.910000914    1.15706180D-02
 0.921355259    1.11380717D-02
 0.932261354    1.06741187D-02
 0.942677164    1.01575020D-02
 0.952534064    9.55629803D-03
 0.961733676    8.84292484D-03
 0.970143228    7.97617891D-03
 0.977592919    6.92320409D-03
 0.983909864    5.71068537D-03
 0.988978246    4.42607920D-03
 0.992792776    3.20297989D-03
 0.995477950    2.16736773D-03
 0.997253594    1.38392129D-03
 0.998368274    8.45438470D-04
 0.999041744    5.01501484D-04
 0.999438846    2.92702779D-04
 0.999670125    1.69855685D-04
 0.999804411    9.87150685D-05
 0.999882625    5.77126951D-05
 0.999928507    3.40523283D-05
 0.999955712    2.03574784D-05
 0.999972085    1.23879952D-05
 0.999982126    7.69520646D-06
 0.999988412    4.87673649D-06
 0.999992422    3.14209319D-06
 0.999995017    2.04827479D-06
 0.999996713    1.34469658D-06
 0.999997829    8.86178076D-07
 0.999998565    5.85293160D-07
 0.999999051    3.87151633D-07
 0.999999372    2.56321839D-07
 0.999999586    1.69720930D-07
 0.999999727    1.12295969D-07
 0.999999820    7.41979867D-08
 0.999999881    4.89429940D-08
 0.999999922    3.22309975D-08
 0.999999949    2.11939989D-08
 0.999999966    1.39219996D-08
 0.999999978    9.13999976D-09
 0.999999985    5.99899996D-09
 0.999999990    3.93899994D-09
 0.999999994    2.58900002D-09
 0.999999996    1.70399998D-09
 0.999999997    1.12400010D-09
 0.999999998    7.42999860D-10
 0.999999999    4.92999992D-10
 1.000000000    1.48999807D-10
